4163.257567
4163.266584
4164.240243
4165.240476
4165.253462
4166.250805
4166.257594
4166.265825
4167.240556
4167.279300
4168.251123
4168.265463
4169.241154
4169.254989
4169.256977
4169.268264
4170.248769
4171.241123
4171.256232
4171.260308
4171.274245
4172.239420
4172.256888
4172.277843
4174.254924
4175.251194
4175.274992
4176.249478
4177.250033
4178.249766
4179.251511
4179.272899
4180.251025
4181.246028
4181.247030
4181.247794
4181.251588
4181.266295
4181.273235
4182.250160
4183.250552
4184.251664
4184.281174
4185.249673
4185.275114
4186.250226
4189.251928
4189.255952
4190.251998
4190.274262
4191.250391
4192.252117
4192.277753
4192.281776
4193.252144
4193.258287
4193.267661
4194.251569
4195.252194
4195.267085
4196.251226
4197.248597
4197.257398
4198.251558
4199.250699
4200.252451
4200.271712
4201.250592
4201.266359
4202.252079
4203.250875
4204.252653
4204.285723
4208.250928
4209.252286
4210.252827
4210.272541
4210.284630
4211.251653
4212.252245
4213.252217
4214.251166
4215.253181
4215.287510
4216.251947
4217.251508
4218.251839
4219.250428
4220.249911
4220.251034
4220.251931
4220.256968
4221.252662
4222.252637
4223.253561
4223.272738
4224.250744
4224.266427
4224.279417
4225.253859
4225.276135
4228.252040
4228.275995
4228.293419
4229.253076
4230.253825
4230.279541
4231.251694
4232.253850
4232.263509
4233.251167
4233.258671
4233.260813
4233.272087
4234.252966
4235.253776
4236.254256
4237.253405
4238.253550
4239.253109
4240.254269
4240.266275
4241.251765
4242.252797
4243.253026
4244.251121
4244.267826
4245.254500
4245.286305
4245.289003
4249.254117
4250.252606
4250.270305
4251.254370
4252.253568
4252.282959
4253.253912
4254.253049
4255.254348
4256.253879
4257.253897
4258.255257
4258.264729
4259.255436
4259.266177
4259.267822
4260.255202
4260.269891
4261.253678
4262.252655
4262.262045
4262.266051
4262.276036
4263.254322
4264.253579
4265.255444
4265.266994
4265.280014
4265.281995
4265.284051
4265.296642
4266.255098
4269.254577
4270.255644
4270.279908
4271.262461
4271.273859
4272.255148
4273.253804
4274.254880
4275.254382
4275.277631
4276.254564
4277.256027
4277.273247
4278.254870
4279.255239
4280.256345
4280.271438
4281.254464
4282.255396
4283.255915
4284.253664
4284.262528
4285.256414
4285.294763
4286.250862
4286.260171
4290.253568
4290.256669
4290.263450
4290.283939
4291.255947
4292.256127
4293.252835
4293.256877
4293.290235
4294.256013
4295.256780
4295.263593
4295.268032
4295.281589
4296.256306
4297.255780
4298.257002
4298.267183
4298.273507
4299.255693
4300.255802
4300.268231
4301.256181
4302.255052
4302.285095
4303.256446
4304.256343
4305.256705
4306.254548
4306.262593
4306.267758
4307.256311
4310.257521
4310.262418
4311.253966
4311.259842
4312.256348
4313.256722
4314.257108
4315.261772
4316.256626
4317.257289
4318.257873
4318.266198
4318.267875
4319.257619
4320.258018
4320.264486
4320.277073
4321.257833
4322.256801
4323.256031
4324.257015
4325.254844
4325.271224
4326.257869
4327.257017
4331.257034
4332.264147
4333.258684
4333.274776
4334.257730
4335.258703
4335.278790
4335.283115
4336.257765
4337.257866
4338.258267
4339.258944
4340.259158
4340.279781
4341.258381
4342.256768
4343.258624
4344.259134
4344.286193
4345.256039
4345.265599
4346.257050
4346.272985
4346.284691
4347.258778
4348.258918
4352.256995
4353.259556
4353.295165
4354.254375
4354.265439
4355.259655
4355.272787
4356.257378
4356.269379
4356.276074
4356.294476
4357.259794
4357.280956
4358.258797
4359.259220
4360.260186
4360.269466
4360.284372
4361.260021
4361.274319
4361.277501
4362.258442
4362.284699
4362.287299
4363.259320
4364.257532
4365.260140
4365.298580
4366.257768
4366.274616
4366.313051
4367.260182
4367.269897
4367.273480
4368.256405
4368.266702
4369.259546
4373.267302
4373.285229
4374.259525
4375.260621
4375.275652
4376.259408
4377.257460
4377.267499
4377.283814
4378.258065
4378.272066
4379.259091
4380.260814
4380.271640
4380.275218
4380.287209
4381.261067
4381.274802
4381.280221
4382.260910
4382.282464
4383.258990
4383.270053
4383.272040
4383.274127
4383.289047
4384.260722
4385.260566
4386.260043
4387.258284
4387.285882
4388.259747
4389.260304
4393.259571
4394.261726
4394.269543
4394.281793
4395.261655
4395.276087
4396.261518
4396.266820
4397.261615
4397.272524
4397.292050
4397.295509
4398.259076
4398.281674
4398.309412
4399.261186
4400.261753
4400.282531
4401.261814
4401.270733
4402.256876
4402.265810
4403.261895
4403.284762
4403.293308
4403.298306
4404.259497
4404.268710
4404.272166
4404.280897
4404.289346
4405.262118
4405.277202
4406.261429
4407.260829
4408.262127
4408.282751
4409.262175
4409.277578
4409.288665
4410.261332
4410.283522
4413.261711
4414.261319
4415.261185
4415.281310
4416.261544
4416.279963
4417.262205
4418.269376
4418.277497
4419.268974
4420.262724
4420.269075
4420.278388
4420.284696
4421.262826
4421.278501
4422.261869
4423.262062
4424.262233
4424.284282
4425.269809
4425.295999
4425.307940
4426.262294
4427.262717
4428.263225
4428.287093
4429.261962
4430.263124
4430.284501
4434.270066
4434.273373
4434.287966
4435.263144
4435.288656
4436.261680
4437.262446
4438.262574
4439.262667
4440.263766
4440.265019
4440.270431
4440.283748
4440.295779
4441.263479
4442.263717
4442.287945
4443.260343
4443.263809
4443.270343
4443.282891
4444.263877
4444.275324
4444.277344
4444.279336
4444.281330
4444.288994
4445.263914
4445.297161
4446.263318
4447.263083
4448.263169
4449.264176
4449.284428
4450.263792
4451.262735
4454.263658
4455.264018
4456.264491
4456.276972
4456.279472
4457.263392
4458.264627
4458.298521
4459.262470
4459.281058
4460.264674
4460.297831
4461.262347
4461.274880
4461.280323
4462.264334
4463.264115
4464.263231
4465.264855
4465.282775
4466.263971
4467.261627
4467.271729
4467.287411
